2886    0  1368.0   333.0    1.682921    4.997714   97    27.0 2      2.0      20.0      10.0     -32.0     2000  5.00  0.0  0   0.500   r                      BD2000.dat 
2886    1  1701.0   333.0    1.701491    4.997711   69    22.0 0     40.0     159.4   -1993.6       0.0    35000  9.00  0.0  0   0.025   u     bergeron_35000_90.dat_39000 
2886    2  2034.0   333.0    1.720062    4.997708   42    26.0 0     50.0      97.7    -283.7      42.0    35000  9.00  0.0  0   0.020   u     bergeron_35000_90.dat_39000 
2886    3  2367.0   333.0    1.738632    4.997705   75    23.0 4     10.0     270.7    -129.4       0.0     2000  5.00  0.0  0   0.100   z                      BD2000.dat 
2886    4  2700.0   333.0    1.757203    4.997701   83    21.0 3     63.0    1500.0     200.0     -20.0     1500  5.00  0.0  0   0.016   i                      BD1500.dat 
2886    5   702.0   666.0    1.645781    5.016217   39    23.0 0     50.0    -300.0      -0.0      39.0    35000  9.00  0.0  0   0.020   u     bergeron_35000_90.dat_39000 
2886    6  1035.0   666.0    1.664352    5.016215   32    25.0 3     10.0     100.0      77.0     -58.0     1500  5.00  0.0  0   0.100   i                      BD1500.dat 
2886    7  1368.0   666.0    1.682923    5.016213   94    23.3 4    100.0     150.0    -250.0       7.0      325  4.35  0.0  0   0.010   z                       BD325.dat 
2886    8  1701.0   666.0    1.701494    5.016211   50    21.2 3      9.0     140.0    -242.5    -123.0     1800  5.00  0.0  2   0.111   i                      BD1800.dat 
2886    9  2034.0   666.0    1.720065    5.016208   16    23.3 4    200.0     -39.9      30.1      25.0     1000  5.00  0.0  0   0.005   z                      BD1000.dat 
2886   10  2367.0   666.0    1.738636    5.016205   84    22.0 3     40.0   -1200.0    -125.0     -10.0     1500  5.00  0.0  0   0.025   i                      BD1500.dat 
2886   11  2700.0   666.0    1.757207    5.016201   58    19.3 4     72.7    -472.5    -135.5       0.0     1000  5.00  0.0  0   0.014   z                      BD1000.dat 
2886   12  3033.0   666.0    1.775778    5.016196   27    20.0 3    100.0    2110.0    -545.0     -29.0     1500  5.00  0.0  0   0.010   i                      BD1500.dat 
2886   13  3366.0   666.0    1.794349    5.016191  100    23.0 1     50.0    1147.2   -1638.3       0.0     3800  5.00  0.0  1   0.020   g                    m0.0Full.dat 
2886   14   702.0   999.0    1.645782    5.034717    5    23.0 4    255.3    6560.5   -5723.1     307.0      325  4.35  0.0  2   0.004   z                       BD325.dat 
2886   15  1035.0   999.0    1.664354    5.034715    6    23.0 3    545.3    -755.1    9888.0    -111.0      555  4.83  0.0  1   0.002   i                       BD555.dat 
2886   16  1368.0   999.0    1.682925    5.034713   14    22.0 2     50.0      70.7      70.7      50.0     3750  7.50  0.0  0   0.020   r       bergeron_3750_75.dat_3950 
2886   17  1701.0   999.0    1.701497    5.034711   63    24.4 4     10.0     -95.8       8.4       0.0     1000  5.00  0.0  0   0.100   z                      BD1000.dat 
2886   18  2034.0   999.0    1.720068    5.034708   62    23.7 4     10.0     -43.1      -0.1       0.0     1000  5.00  0.0  0   0.100   z                      BD1000.dat 
2886   19  2367.0   999.0    1.738640    5.034705   72    25.0 0     40.0    1956.4    -415.4       0.0    35000  9.00  0.0  0   0.025   u     bergeron_35000_90.dat_39000 
2886   20  2700.0   999.0    1.757212    5.034701   40    24.0 0     50.0      52.1     295.4      40.0    35000  9.00  0.0  0   0.020   u     bergeron_35000_90.dat_39000 
2886   21  3033.0   999.0    1.775783    5.034696   66    23.0 4     50.0    -175.1     198.0       0.0      555  4.83  0.0  1   0.020   z                       BD555.dat 
2886   22  3366.0   999.0    1.794354    5.034691   59    19.0 4     16.1      22.4    -105.2       0.0     1800  5.00  0.0  0   0.062   z                      BD1800.dat 
2886   23   369.0  1332.0    1.627211    5.053218   47    24.3 4      0.1       0.0       0.0      29.0     1000  5.00  0.0  0  10.000   z                      BD1000.dat 
2886   24   702.0  1332.0    1.645783    5.053217   71    24.0 0     40.0     959.6    1754.7       0.0    35000  9.00  0.0  0   0.025   u     bergeron_35000_90.dat_39000 
2886   25  1035.0  1332.0    1.664355    5.053215   89    21.0 1     50.0     200.0     200.0       0.0     9999  5.00  0.0  0   0.020   g                    PNastrom.dat 
2886   26  1368.0  1332.0    1.682927    5.053213   53    23.0 1     50.0    1147.2    1638.3       0.0     3800  5.00  0.0  1   0.020   g                    m0.0Full.dat 
2886   27  1701.0  1332.0    1.701500    5.053211   88    21.0 1     50.0    -200.0     200.0       0.0     9999  5.00  0.0  0   0.020   g                    PNastrom.dat 
2886   28  2034.0  1332.0    1.720072    5.053208   45    25.3 4    100.0     -98.0      75.0     -13.0      325  4.35  0.0  0   0.010   z                       BD325.dat 
2886   29  2367.0  1332.0    1.738644    5.053204   98    20.0 1     50.0    1284.9    1120.9     245.5     3800  5.00  0.0  1   0.020   g                    m0.0Full.dat 
2886   30  2700.0  1332.0    1.757216    5.053200  101    17.5 3     50.0     186.4     378.7      20.0     2500  5.00  0.0  0   0.020   i                    m7.0Full.dat 
2886   31  3033.0  1332.0    1.775788    5.053196    3    24.0 3     18.5     -62.7     -22.8      54.0     1800  5.00  0.0  0   0.054   i                      BD1800.dat 
2886   32  3366.0  1332.0    1.794360    5.053191   82    20.0 3    100.0    2110.0    -545.0     -29.0     1500  5.00  0.0  0   0.010   i                      BD1500.dat 
2886   33  3699.0  1332.0    1.812932    5.053185   90    21.0 1     50.0    -200.0    -200.0       0.0     9999  5.00  0.0  0   0.020   g                    PNastrom.dat 
2886   34   369.0  1665.0    1.627212    5.071718    7    22.0 3     53.4    -406.0    -331.1      18.7     1500  5.00  0.0  0   0.019   i                      BD1500.dat 
2886   35   702.0  1665.0    1.645784    5.071717   41    25.0 0     50.0     -97.7     283.7      41.0    35000  9.00  0.0  0   0.020   u     bergeron_35000_90.dat_39000 
2886   36  1035.0  1665.0    1.664357    5.071715    9    17.5 3     50.0    -186.4    -378.7      20.0     2500  5.00  0.0  0   0.020   i                    m7.0Full.dat 
2886   37  1368.0  1665.0    1.682930    5.071713   15    23.0 2     50.0      70.7     -70.7      50.0     3750  7.50  0.0  0   0.020   r       bergeron_3750_75.dat_3950 
2886   38  1701.0  1665.0    1.701502    5.071711    8    21.0 4     50.0    -380.1    -310.0      20.0     1000  5.00  0.0  0   0.020   z                      BD1000.dat 
2886   39  2034.0  1665.0    1.720075    5.071708   25    22.0 2     25.0      30.0     -30.0       0.0     9999  5.00  0.0  0   0.040   r                 RedE1astrom.dat 
2886   40  2367.0  1665.0    1.738648    5.071704    1    20.0 1     50.0    1284.9   -1120.9     245.5     3800  5.00  0.0  1   0.020   g                    m0.0Full.dat 
2886   41  2700.0  1665.0    1.757220    5.071700   46    24.3 4     50.0    -176.9     233.1      28.0     1000  5.00  0.0  0   0.020   z                      BD1000.dat 
2886   42  3033.0  1665.0    1.775793    5.071696   55    18.7 4     64.1     628.3      88.3       0.0     1800  5.00  0.0  0   0.016   z                      BD1800.dat 
2886   43  3366.0  1665.0    1.794365    5.071691    2    25.0 1     50.0     845.2    1812.6     111.0     3800  5.00  0.0  1   0.020   g                    m0.0Full.dat 
2886   44  3699.0  1665.0    1.812938    5.071685   38    22.0 0     50.0      52.1    -295.4      38.0    35000  9.00  0.0  0   0.020   u     bergeron_35000_90.dat_39000 
2886   45   369.0  1998.0    1.627212    5.090218   18    23.3 4      0.1       0.0       0.0      27.0     1000  5.00  0.0  0  10.000   z                      BD1000.dat 
2886   46   702.0  1998.0    1.645785    5.090217   54    19.4 4     30.1     273.1      38.4       0.0     1500  5.00  0.0  0   0.033   z                      BD1500.dat 
2886   47  1035.0  1998.0    1.664359    5.090215   19    19.0 4      0.1       0.0       0.0      28.0     1000  5.00  0.0  0  10.000   z                      BD1000.dat 
2886   48  1368.0  1998.0    1.682932    5.090213   93    23.0 2    100.0     150.0    -150.0       0.0     1500  5.00  0.0  0   0.010   i                     BD1000e.dat 
2886   49  1701.0  1998.0    1.701505    5.090211   79    23.0 4    255.3    1023.1    1560.5       0.0      325  4.35  0.0  2   0.004   z                       BD325.dat 
2886   50  2034.0  1998.0    1.720078    5.090208   67    24.0 4     50.0     175.1    -198.0       0.0      555  4.83  0.0  1   0.020   z                       BD555.dat 
2886   51  2367.0  1998.0    1.738651    5.090204   31    24.0 3     15.8    -210.0      59.0      55.0     1500  5.00  0.0  0   0.063   i                      BD1500.dat 
2886   52  2700.0  1998.0    1.757225    5.090200   96    25.3 4    100.0     -98.0      75.0     -13.0      325  4.35  0.0  0   0.010   z                       BD325.dat 
2886   53  3033.0  1998.0    1.775798    5.090196   78    23.0 4    255.3     560.5    -723.1       0.0      325  4.35  0.0  2   0.004   z                       BD325.dat 
2886   54  3366.0  1998.0    1.794371    5.090191   70    23.0 0     40.0    1763.7    -943.0       0.0    35000  9.00  0.0  0   0.025   u     bergeron_35000_90.dat_39000 
2886   55  3699.0  1998.0    1.812944    5.090185   12    20.0 2     50.0     -70.7      70.7      50.0     3750  7.50  0.0  0   0.020   r       bergeron_3750_75.dat_3950 
2886   56   369.0  2331.0    1.627213    5.108717   68    25.0 4     50.0    -175.1    -198.0       0.0      555  4.83  0.0  1   0.020   z                       BD555.dat 
2886   57   702.0  2331.0    1.645786    5.108717   65    24.0 1     20.0     127.0      48.0       0.0     3500  5.00  0.0  0   0.050   g                    m3.0Full.dat 
2886   58  1035.0  2331.0    1.664360    5.108715   28    21.0 3     63.0    1500.0     200.0     -20.0     1500  5.00  0.0  0   0.016   i                      BD1500.dat 
2886   59  1368.0  2331.0    1.682934    5.108713   64    20.3 4     37.5     543.8    -440.4    -195.0     1800  5.00 -1.0  2   0.027   z                      BD1800.dat 
2886   60  1701.0  2331.0    1.701508    5.108711   23    22.0 2    100.0     150.0     150.0       0.0     1500  5.00  0.0  0   0.010   r                     BD1000e.dat 
2886   61  2034.0  2331.0    1.720081    5.108708   22    22.0 2    100.0    -150.0     150.0       0.0     1500  5.00  0.0  0   0.010   r                      BD1500.dat 
2886   62  2367.0  2331.0    1.738655    5.108704   30    23.0 3     25.1     400.0    -100.0     -55.0     1500  5.00  0.0  0   0.040   i                      BD1500.dat 
2886   63  2700.0  2331.0    1.757229    5.108700   21    21.0 1     50.0     200.0    -200.0       0.0     9999  5.00  0.0  0   0.020   g                    PNastrom.dat 
2886   64  3033.0  2331.0    1.775802    5.108696   11    19.0 2     50.0      70.7     -70.7      50.0     3750  7.50  0.0  0   0.020   r       bergeron_3750_75.dat_3950 
2886   65  3366.0  2331.0    1.794376    5.108691   26    22.0 2     25.0      30.0     -30.0       0.0     9999  5.00  0.0  0   0.040   r                 RedE2astrom.dat 
2886   66  3699.0  2331.0    1.812950    5.108685   91    22.0 2    100.0    -150.0     150.0       0.0     1500  5.00  0.0  0   0.010   r                     BD1000e.dat 
2886   67   369.0  2664.0    1.627213    5.127217   48    25.3 4     30.0     122.9     178.1       8.0     1000  5.00  0.0  0   0.033   z                      BD1000.dat 
2886   68   702.0  2664.0    1.645788    5.127217   37    23.0 3     50.0     469.8     171.0     -55.0     1000  5.00  0.0  0   0.020   i                      BD1000.dat 
2886   69  1035.0  2664.0    1.664362    5.127215   36    23.0 3     50.0     965.0    -258.8      55.0     1000  5.00  0.0  0   0.020   i                      BD1000.dat 
2886   70  1368.0  2664.0    1.682936    5.127213   60    18.6 4     63.6     296.2     -57.6       0.0     1500  5.00  0.0  0   0.016   z                      BD1500.dat 
2886   71  1701.0  2664.0    1.701510    5.127211   92    23.0 2    100.0    -150.0    -150.0       0.0     1500  5.00  0.0  0   0.010   i                     BD1000e.dat 
2886   72  2034.0  2664.0    1.720085    5.127208   56    19.5 4     46.7     742.2     -25.9       0.0     1000  5.00  0.0  0   0.021   z                      BD1000.dat 
2886   73  2367.0  2664.0    1.738659    5.127204   49    25.3 4      0.1       0.0       0.0       9.0     1000  5.00  0.0  0  10.000   z                      BD1000.dat 
2886   74  2700.0  2664.0    1.757233    5.127200   35    23.0 3     50.0     174.3    1992.4     -55.0     1000  5.00  0.0  0   0.020   i                      BD1000.dat 
2886   75  3033.0  2664.0    1.775807    5.127196   13    21.0 2     50.0     -70.7     -70.7      50.0     3750  7.50  0.0  0   0.020   r       bergeron_3750_75.dat_3950 
2886   76  3366.0  2664.0    1.794381    5.127190   17    19.0 4    200.0      39.9     -30.1      26.0     1000  5.00  0.0  0   0.005   z                      BD1000.dat 
2886   77  3699.0  2664.0    1.812956    5.127185   57    18.0 4     34.9     155.4     -16.3       0.0     1800  5.00  0.0  0   0.029   z                      BD1800.dat 
2886   78   702.0  2997.0    1.645789    5.145717   99    25.0 1     50.0    -845.2    1812.6     111.0     3800  5.00  0.0  1   0.020   g                    m0.0Full.dat 
2886   79  1035.0  2997.0    1.664364    5.145715   73    26.0 0     40.0   -1664.5    1108.7       0.0    35000  9.00  0.0  0   0.025   u     bergeron_35000_90.dat_39000 
2886   80  1368.0  2997.0    1.682938    5.145713   34    23.0 3     50.0   -1690.5   -3625.2      55.0     1000  5.00  0.0  1   0.020   i                      BD1000.dat 
2886   81  1701.0  2997.0    1.701513    5.145711   33    23.0 3     50.0   -2457.5    1720.7      55.0     1000  5.00  0.0  1   0.020   i                      BD1000.dat 
2886   82  2034.0  2997.0    1.720088    5.145708   10    20.5 3     10.0     -76.0     -62.0     -23.0     2000  5.00  0.0  0   0.010   i                      BD2000.dat 
2886   83  2367.0  2997.0    1.738663    5.145704   20    27.0 2      2.0      20.0      10.0     -32.0     2000  5.00  0.0  0   0.500   r                      BD2000.dat 
2886   84  2700.0  2997.0    1.757238    5.145700   51    21.4 3     17.5    1405.0     -51.0    -200.0     1800  5.00  0.0  2   0.057   i                      BD1800.dat 
2886   85  3033.0  2997.0    1.775812    5.145695   86    24.0 3     15.8    -210.0      59.0      55.0     1500  5.00  0.0  0   0.063   i                      BD1500.dat 
2886   86  3366.0  2997.0    1.794387    5.145690    4    23.0 3    106.9     270.3    -348.5       9.4     1800  5.00  0.0  0   0.009   i                      BD1000.dat 
2886   87   702.0  3330.0    1.645790    5.164217   77    25.0 4     10.0    -108.5     279.7       0.0     2000  5.00  0.0  0   0.100   z                      BD2000.dat 
2886   88  1035.0  3330.0    1.664365    5.164215   61    18.1 4     26.2    -145.8     -20.5       0.0     1000  5.00  0.0  0   0.038   z                      BD1000.dat 
2886   89  1368.0  3330.0    1.682941    5.164213   87    25.0 3     10.0     100.0      77.0     -58.0     1500  5.00  0.0  0   0.100   i                      BD1500.dat 
2886   90  1701.0  3330.0    1.701516    5.164211   74    22.0 4     10.0     176.7     242.4       0.0     2000  5.00  0.0  0   0.100   z                      BD2000.dat 
2886   91  2034.0  3330.0    1.720091    5.164208   52    23.4 3     17.5      51.0    1405.0    -200.0     1000  5.00  0.0  2   0.057   i                      BD1000.dat 
2886   92  2367.0  3330.0    1.738667    5.164204   85    23.0 3     25.1     400.0    -100.0     -55.0     1500  5.00  0.0  0   0.040   i                      BD1500.dat 
2886   93  2700.0  3330.0    1.757242    5.164200   76    24.0 4     10.0     -14.9     299.6       0.0     2000  5.00  0.0  0   0.100   z                      BD2000.dat 
2886   94  3033.0  3330.0    1.775817    5.164195   44    24.3 4    100.0     225.0     132.0     -45.0      325  4.35  0.0  0   0.010   z                       BD325.dat 
2886   95  3366.0  3330.0    1.794392    5.164190   29    22.0 3     40.0   -1200.0    -125.0     -10.0     1500  5.00  0.0  0   0.025   i                      BD1500.dat 
2886   96  1368.0  3663.0    1.682943    5.182713   80    20.0 1     50.0      35.6    1999.7       0.0     3800  5.00  0.0  1   0.020   g                    m0.0Full.dat 
2886   97  1701.0  3663.0    1.701519    5.182711   95    24.3 4    100.0     225.0     132.0     -45.0      325  4.35  0.0  0   0.010   z                       BD325.dat 
2886   98  2034.0  3663.0    1.720095    5.182708   81    25.0 1     50.0    1528.7    1289.7       0.0     3800  5.00  0.0  1   0.020   g                    m0.0Full.dat 
2886   99  2367.0  3663.0    1.738670    5.182704   24    23.0 1     30.0     200.0     100.0       0.0     9999  5.00  0.0  0   0.033   g                    PNastrom.dat 
2886  100  2700.0  3663.0    1.757246    5.182700   43    23.3 4    100.0     150.0    -250.0       7.0      325  4.35  0.0  0   0.010   z                       BD325.dat 
