2426    0  1368.0   333.0    1.636386   -4.902014   75    23.0 4     10.0     270.7    -129.4       0.0     2000  5.00  0.0  0   0.100   z                      BD2000.dat 
2426    1  1701.0   333.0    1.654953   -4.902012   16    23.3 4    200.0     -39.9      30.1      25.0     1000  5.00  0.0  0   0.005   z                      BD1000.dat 
2426    2  2034.0   333.0    1.673521   -4.902009   21    21.0 1     50.0     200.0    -200.0       0.0     9999  5.00  0.0  0   0.020   g                    PNastrom.dat 
2426    3  2367.0   333.0    1.692089   -4.902006   45    25.3 4    100.0     -98.0      75.0     -13.0      325  4.35  0.0  0   0.010   z                       BD325.dat 
2426    4  2700.0   333.0    1.710657   -4.902002   57    18.0 4     34.9     155.4     -16.3       0.0     1800  5.00  0.0  0   0.029   z                      BD1800.dat 
2426    5   702.0   666.0    1.599249   -4.883518   46    24.3 4     50.0    -176.9     233.1      28.0     1000  5.00  0.0  0   0.020   z                      BD1000.dat 
2426    6  1035.0   666.0    1.617816   -4.883516   49    25.3 4      0.1       0.0       0.0       9.0     1000  5.00  0.0  0  10.000   z                      BD1000.dat 
2426    7  1368.0   666.0    1.636384   -4.883514   83    21.0 3     63.0    1500.0     200.0     -20.0     1500  5.00  0.0  0   0.016   i                      BD1500.dat 
2426    8  1701.0   666.0    1.654951   -4.883512   70    23.0 0     40.0    1763.7    -943.0       0.0    35000  9.00  0.0  0   0.025   u     bergeron_35000_90.dat_39000 
2426    9  2034.0   666.0    1.673518   -4.883509   23    22.0 2    100.0     150.0     150.0       0.0     1500  5.00  0.0  0   0.010   r                     BD1000e.dat 
2426   10  2367.0   666.0    1.692086   -4.883506   26    22.0 2     25.0      30.0     -30.0       0.0     9999  5.00  0.0  0   0.040   r                 RedE2astrom.dat 
2426   11  2700.0   666.0    1.710653   -4.883502   55    18.7 4     64.1     628.3      88.3       0.0     1800  5.00  0.0  0   0.016   z                      BD1800.dat 
2426   12  3033.0   666.0    1.729220   -4.883498   84    22.0 3     40.0   -1200.0    -125.0     -10.0     1500  5.00  0.0  0   0.025   i                      BD1500.dat 
2426   13  3366.0   666.0    1.747787   -4.883493    8    21.0 4     50.0    -380.1    -310.0      20.0     1000  5.00  0.0  0   0.020   z                      BD1000.dat 
2426   14   702.0   999.0    1.599248   -4.865018   89    21.0 1     50.0     200.0     200.0       0.0     9999  5.00  0.0  0   0.020   g                    PNastrom.dat 
2426   15  1035.0   999.0    1.617815   -4.865016   41    25.0 0     50.0     -97.7     283.7      41.0    35000  9.00  0.0  0   0.020   u     bergeron_35000_90.dat_39000 
2426   16  1368.0   999.0    1.636381   -4.865015   25    22.0 2     25.0      30.0     -30.0       0.0     9999  5.00  0.0  0   0.040   r                 RedE1astrom.dat 
2426   17  1701.0   999.0    1.654948   -4.865012   69    22.0 0     40.0     159.4   -1993.6       0.0    35000  9.00  0.0  0   0.025   u     bergeron_35000_90.dat_39000 
2426   18  2034.0   999.0    1.673515   -4.865009   48    25.3 4     30.0     122.9     178.1       8.0     1000  5.00  0.0  0   0.033   z                      BD1000.dat 
2426   19  2367.0   999.0    1.692082   -4.865006   42    26.0 0     50.0      97.7    -283.7      42.0    35000  9.00  0.0  0   0.020   u     bergeron_35000_90.dat_39000 
2426   20  2700.0   999.0    1.710649   -4.865002   88    21.0 1     50.0    -200.0     200.0       0.0     9999  5.00  0.0  0   0.020   g                    PNastrom.dat 
2426   21  3033.0   999.0    1.729215   -4.864998   81    25.0 1     50.0    1528.7    1289.7       0.0     3800  5.00  0.0  1   0.020   g                    m0.0Full.dat 
2426   22  3366.0   999.0    1.747782   -4.864993   96    25.3 4    100.0     -98.0      75.0     -13.0      325  4.35  0.0  0   0.010   z                       BD325.dat 
2426   23   369.0  1332.0    1.580680   -4.846519    6    23.0 3    545.3    -755.1    9888.0    -111.0      555  4.83  0.0  1   0.002   i                       BD555.dat 
2426   24   702.0  1332.0    1.599247   -4.846518   58    19.3 4     72.7    -472.5    -135.5       0.0     1000  5.00  0.0  0   0.014   z                      BD1000.dat 
2426   25  1035.0  1332.0    1.617813   -4.846516   90    21.0 1     50.0    -200.0    -200.0       0.0     9999  5.00  0.0  0   0.020   g                    PNastrom.dat 
2426   26  1368.0  1332.0    1.636379   -4.846515   30    23.0 3     25.1     400.0    -100.0     -55.0     1500  5.00  0.0  0   0.040   i                      BD1500.dat 
2426   27  1701.0  1332.0    1.654946   -4.846512   52    23.4 3     17.5      51.0    1405.0    -200.0     1000  5.00  0.0  2   0.057   i                      BD1000.dat 
2426   28  2034.0  1332.0    1.673512   -4.846509   31    24.0 3     15.8    -210.0      59.0      55.0     1500  5.00  0.0  0   0.063   i                      BD1500.dat 
2426   29  2367.0  1332.0    1.692078   -4.846506   65    24.0 1     20.0     127.0      48.0       0.0     3500  5.00  0.0  0   0.050   g                    m3.0Full.dat 
2426   30  2700.0  1332.0    1.710645   -4.846502   92    23.0 2    100.0    -150.0    -150.0       0.0     1500  5.00  0.0  0   0.010   i                     BD1000e.dat 
2426   31  3033.0  1332.0    1.729211   -4.846498    1    20.0 1     50.0    1284.9   -1120.9     245.5     3800  5.00  0.0  1   0.020   g                    m0.0Full.dat 
2426   32  3366.0  1332.0    1.747777   -4.846493   44    24.3 4    100.0     225.0     132.0     -45.0      325  4.35  0.0  0   0.010   z                       BD325.dat 
2426   33  3699.0  1332.0    1.766343   -4.846488   35    23.0 3     50.0     174.3    1992.4     -55.0     1000  5.00  0.0  0   0.020   i                      BD1000.dat 
2426   34   369.0  1665.0    1.580680   -4.828019   39    23.0 0     50.0    -300.0      -0.0      39.0    35000  9.00  0.0  0   0.020   u     bergeron_35000_90.dat_39000 
2426   35   702.0  1665.0    1.599246   -4.828018   86    24.0 3     15.8    -210.0      59.0      55.0     1500  5.00  0.0  0   0.063   i                      BD1500.dat 
2426   36  1035.0  1665.0    1.617812   -4.828016   43    23.3 4    100.0     150.0    -250.0       7.0      325  4.35  0.0  0   0.010   z                       BD325.dat 
2426   37  1368.0  1665.0    1.636377   -4.828015   33    23.0 3     50.0   -2457.5    1720.7      55.0     1000  5.00  0.0  1   0.020   i                      BD1000.dat 
2426   38  1701.0  1665.0    1.654943   -4.828012   95    24.3 4    100.0     225.0     132.0     -45.0      325  4.35  0.0  0   0.010   z                       BD325.dat 
2426   39  2034.0  1665.0    1.673509   -4.828009    2    25.0 1     50.0     845.2    1812.6     111.0     3800  5.00  0.0  1   0.020   g                    m0.0Full.dat 
2426   40  2367.0  1665.0    1.692075   -4.828006   78    23.0 4    255.3     560.5    -723.1       0.0      325  4.35  0.0  2   0.004   z                       BD325.dat 
2426   41  2700.0  1665.0    1.710641   -4.828002   99    25.0 1     50.0    -845.2    1812.6     111.0     3800  5.00  0.0  1   0.020   g                    m0.0Full.dat 
2426   42  3033.0  1665.0    1.729206   -4.827998   76    24.0 4     10.0     -14.9     299.6       0.0     2000  5.00  0.0  0   0.100   z                      BD2000.dat 
2426   43  3366.0  1665.0    1.747772   -4.827993   71    24.0 0     40.0     959.6    1754.7       0.0    35000  9.00  0.0  0   0.025   u     bergeron_35000_90.dat_39000 
2426   44  3699.0  1665.0    1.766338   -4.827988   13    21.0 2     50.0     -70.7     -70.7      50.0     3750  7.50  0.0  0   0.020   r       bergeron_3750_75.dat_3950 
2426   45   369.0  1998.0    1.580679   -4.809519   20    27.0 2      2.0      20.0      10.0     -32.0     2000  5.00  0.0  0   0.500   r                      BD2000.dat 
2426   46   702.0  1998.0    1.599245   -4.809518   47    24.3 4      0.1       0.0       0.0      29.0     1000  5.00  0.0  0  10.000   z                      BD1000.dat 
2426   47  1035.0  1998.0    1.617810   -4.809516   68    25.0 4     50.0    -175.1    -198.0       0.0      555  4.83  0.0  1   0.020   z                       BD555.dat 
2426   48  1368.0  1998.0    1.636375   -4.809515    7    22.0 3     53.4    -406.0    -331.1      18.7     1500  5.00  0.0  0   0.019   i                      BD1500.dat 
2426   49  1701.0  1998.0    1.654941   -4.809512    3    24.0 3     18.5     -62.7     -22.8      54.0     1800  5.00  0.0  0   0.054   i                      BD1800.dat 
2426   50  2034.0  1998.0    1.673506   -4.809509   11    19.0 2     50.0      70.7     -70.7      50.0     3750  7.50  0.0  0   0.020   r       bergeron_3750_75.dat_3950 
2426   51  2367.0  1998.0    1.692071   -4.809506  101    17.5 3     50.0     186.4     378.7      20.0     2500  5.00  0.0  0   0.020   i                    m7.0Full.dat 
2426   52  2700.0  1998.0    1.710636   -4.809502   82    20.0 3    100.0    2110.0    -545.0     -29.0     1500  5.00  0.0  0   0.010   i                      BD1500.dat 
2426   53  3033.0  1998.0    1.729202   -4.809498   67    24.0 4     50.0     175.1    -198.0       0.0      555  4.83  0.0  1   0.020   z                       BD555.dat 
2426   54  3366.0  1998.0    1.747767   -4.809493   63    24.4 4     10.0     -95.8       8.4       0.0     1000  5.00  0.0  0   0.100   z                      BD1000.dat 
2426   55  3699.0  1998.0    1.766332   -4.809488   62    23.7 4     10.0     -43.1      -0.1       0.0     1000  5.00  0.0  0   0.100   z                      BD1000.dat 
2426   56   369.0  2331.0    1.580679   -4.791019   50    21.2 3      9.0     140.0    -242.5    -123.0     1800  5.00  0.0  2   0.111   i                      BD1800.dat 
2426   57   702.0  2331.0    1.599244   -4.791018   36    23.0 3     50.0     965.0    -258.8      55.0     1000  5.00  0.0  0   0.020   i                      BD1000.dat 
2426   58  1035.0  2331.0    1.617808   -4.791016   85    23.0 3     25.1     400.0    -100.0     -55.0     1500  5.00  0.0  0   0.040   i                      BD1500.dat 
2426   59  1368.0  2331.0    1.636373   -4.791015   72    25.0 0     40.0    1956.4    -415.4       0.0    35000  9.00  0.0  0   0.025   u     bergeron_35000_90.dat_39000 
2426   60  1701.0  2331.0    1.654938   -4.791012   10    20.5 3     10.0     -76.0     -62.0     -23.0     2000  5.00  0.0  0   0.010   i                      BD2000.dat 
2426   61  2034.0  2331.0    1.673503   -4.791010   51    21.4 3     17.5    1405.0     -51.0    -200.0     1800  5.00  0.0  2   0.057   i                      BD1800.dat 
2426   62  2367.0  2331.0    1.692068   -4.791006    4    23.0 3    106.9     270.3    -348.5       9.4     1800  5.00  0.0  0   0.009   i                      BD1000.dat 
2426   63  2700.0  2331.0    1.710632   -4.791002  100    23.0 1     50.0    1147.2   -1638.3       0.0     3800  5.00  0.0  1   0.020   g                    m0.0Full.dat 
2426   64  3033.0  2331.0    1.729197   -4.790998   27    20.0 3    100.0    2110.0    -545.0     -29.0     1500  5.00  0.0  0   0.010   i                      BD1500.dat 
2426   65  3366.0  2331.0    1.747762   -4.790993   19    19.0 4      0.1       0.0       0.0      28.0     1000  5.00  0.0  0  10.000   z                      BD1000.dat 
2426   66  3699.0  2331.0    1.766326   -4.790988   24    23.0 1     30.0     200.0     100.0       0.0     9999  5.00  0.0  0   0.033   g                    PNastrom.dat 
2426   67   369.0  2664.0    1.580678   -4.772519   80    20.0 1     50.0      35.6    1999.7       0.0     3800  5.00  0.0  1   0.020   g                    m0.0Full.dat 
2426   68   702.0  2664.0    1.599242   -4.772518   93    23.0 2    100.0     150.0    -150.0       0.0     1500  5.00  0.0  0   0.010   i                     BD1000e.dat 
2426   69  1035.0  2664.0    1.617807   -4.772516   66    23.0 4     50.0    -175.1     198.0       0.0      555  4.83  0.0  1   0.020   z                       BD555.dat 
2426   70  1368.0  2664.0    1.636371   -4.772515   97    27.0 2      2.0      20.0      10.0     -32.0     2000  5.00  0.0  0   0.500   r                      BD2000.dat 
2426   71  1701.0  2664.0    1.654935   -4.772512   14    22.0 2     50.0      70.7      70.7      50.0     3750  7.50  0.0  0   0.020   r       bergeron_3750_75.dat_3950 
2426   72  2034.0  2664.0    1.673500   -4.772510   87    25.0 3     10.0     100.0      77.0     -58.0     1500  5.00  0.0  0   0.100   i                      BD1500.dat 
2426   73  2367.0  2664.0    1.692064   -4.772506    9    17.5 3     50.0    -186.4    -378.7      20.0     2500  5.00  0.0  0   0.020   i                    m7.0Full.dat 
2426   74  2700.0  2664.0    1.710628   -4.772502   64    20.3 4     37.5     543.8    -440.4    -195.0     1800  5.00 -1.0  2   0.027   z                      BD1800.dat 
2426   75  3033.0  2664.0    1.729192   -4.772498   12    20.0 2     50.0     -70.7      70.7      50.0     3750  7.50  0.0  0   0.020   r       bergeron_3750_75.dat_3950 
2426   76  3366.0  2664.0    1.747757   -4.772493   40    24.0 0     50.0      52.1     295.4      40.0    35000  9.00  0.0  0   0.020   u     bergeron_35000_90.dat_39000 
2426   77  3699.0  2664.0    1.766321   -4.772488   53    23.0 1     50.0    1147.2    1638.3       0.0     3800  5.00  0.0  1   0.020   g                    m0.0Full.dat 
2426   78   702.0  2997.0    1.599241   -4.754018   34    23.0 3     50.0   -1690.5   -3625.2      55.0     1000  5.00  0.0  1   0.020   i                      BD1000.dat 
2426   79  1035.0  2997.0    1.617805   -4.754016   98    20.0 1     50.0    1284.9    1120.9     245.5     3800  5.00  0.0  1   0.020   g                    m0.0Full.dat 
2426   80  1368.0  2997.0    1.636369   -4.754015   91    22.0 2    100.0    -150.0     150.0       0.0     1500  5.00  0.0  0   0.010   r                     BD1000e.dat 
2426   81  1701.0  2997.0    1.654933   -4.754012   38    22.0 0     50.0      52.1    -295.4      38.0    35000  9.00  0.0  0   0.020   u     bergeron_35000_90.dat_39000 
2426   82  2034.0  2997.0    1.673497   -4.754010   37    23.0 3     50.0     469.8     171.0     -55.0     1000  5.00  0.0  0   0.020   i                      BD1000.dat 
2426   83  2367.0  2997.0    1.692060   -4.754006   17    19.0 4    200.0      39.9     -30.1      26.0     1000  5.00  0.0  0   0.005   z                      BD1000.dat 
2426   84  2700.0  2997.0    1.710624   -4.754003   74    22.0 4     10.0     176.7     242.4       0.0     2000  5.00  0.0  0   0.100   z                      BD2000.dat 
2426   85  3033.0  2997.0    1.729188   -4.753998   61    18.1 4     26.2    -145.8     -20.5       0.0     1000  5.00  0.0  0   0.038   z                      BD1000.dat 
2426   86  3366.0  2997.0    1.747752   -4.753993   32    25.0 3     10.0     100.0      77.0     -58.0     1500  5.00  0.0  0   0.100   i                      BD1500.dat 
2426   87   702.0  3330.0    1.599240   -4.735518   56    19.5 4     46.7     742.2     -25.9       0.0     1000  5.00  0.0  0   0.021   z                      BD1000.dat 
2426   88  1035.0  3330.0    1.617804   -4.735516    5    23.0 4    255.3    6560.5   -5723.1     307.0      325  4.35  0.0  2   0.004   z                       BD325.dat 
2426   89  1368.0  3330.0    1.636367   -4.735515   54    19.4 4     30.1     273.1      38.4       0.0     1500  5.00  0.0  0   0.033   z                      BD1500.dat 
2426   90  1701.0  3330.0    1.654930   -4.735512   94    23.3 4    100.0     150.0    -250.0       7.0      325  4.35  0.0  0   0.010   z                       BD325.dat 
2426   91  2034.0  3330.0    1.673494   -4.735510   59    19.0 4     16.1      22.4    -105.2       0.0     1800  5.00  0.0  0   0.062   z                      BD1800.dat 
2426   92  2367.0  3330.0    1.692057   -4.735506   60    18.6 4     63.6     296.2     -57.6       0.0     1500  5.00  0.0  0   0.016   z                      BD1500.dat 
2426   93  2700.0  3330.0    1.710620   -4.735503   28    21.0 3     63.0    1500.0     200.0     -20.0     1500  5.00  0.0  0   0.016   i                      BD1500.dat 
2426   94  3033.0  3330.0    1.729183   -4.735498   15    23.0 2     50.0      70.7     -70.7      50.0     3750  7.50  0.0  0   0.020   r       bergeron_3750_75.dat_3950 
2426   95  3366.0  3330.0    1.747746   -4.735494   29    22.0 3     40.0   -1200.0    -125.0     -10.0     1500  5.00  0.0  0   0.025   i                      BD1500.dat 
2426   96  1368.0  3663.0    1.636365   -4.717015   73    26.0 0     40.0   -1664.5    1108.7       0.0    35000  9.00  0.0  0   0.025   u     bergeron_35000_90.dat_39000 
2426   97  1701.0  3663.0    1.654928   -4.717012   77    25.0 4     10.0    -108.5     279.7       0.0     2000  5.00  0.0  0   0.100   z                      BD2000.dat 
2426   98  2034.0  3663.0    1.673491   -4.717010   18    23.3 4      0.1       0.0       0.0      27.0     1000  5.00  0.0  0  10.000   z                      BD1000.dat 
2426   99  2367.0  3663.0    1.692053   -4.717006   79    23.0 4    255.3    1023.1    1560.5       0.0      325  4.35  0.0  2   0.004   z                       BD325.dat 
2426  100  2700.0  3663.0    1.710616   -4.717003   22    22.0 2    100.0    -150.0     150.0       0.0     1500  5.00  0.0  0   0.010   r                      BD1500.dat 
