2293    0  1368.0   333.0  320.839658   -7.662809   37    23.0 3     50.0     469.8     171.0     -55.0     1000  5.00  0.0  0   0.020   i                      BD1000.dat 
2293    1  1701.0   333.0  320.858324   -7.662805   41    25.0 0     50.0     -97.7     283.7      41.0    35000  9.00  0.0  0   0.020   u     bergeron_35000_90.dat_39000 
2293    2  2034.0   333.0  320.876991   -7.662801   24    23.0 1     30.0     200.0     100.0       0.0     9999  5.00  0.0  0   0.033   g                    PNastrom.dat 
2293    3  2367.0   333.0  320.895658   -7.662796   83    21.0 3     63.0    1500.0     200.0     -20.0     1500  5.00  0.0  0   0.016   i                      BD1500.dat 
2293    4  2700.0   333.0  320.914324   -7.662789   14    22.0 2     50.0      70.7      70.7      50.0     3750  7.50  0.0  0   0.020   r       bergeron_3750_75.dat_3950 
2293    5   702.0   666.0  320.802323   -7.644314    6    23.0 3    545.3    -755.1    9888.0    -111.0      555  4.83  0.0  1   0.002   i                       BD555.dat 
2293    6  1035.0   666.0  320.820989   -7.644312   78    23.0 4    255.3     560.5    -723.1       0.0      325  4.35  0.0  2   0.004   z                       BD325.dat 
2293    7  1368.0   666.0  320.839655   -7.644309   93    23.0 2    100.0     150.0    -150.0       0.0     1500  5.00  0.0  0   0.010   i                     BD1000e.dat 
2293    8  1701.0   666.0  320.858320   -7.644305   72    25.0 0     40.0    1956.4    -415.4       0.0    35000  9.00  0.0  0   0.025   u     bergeron_35000_90.dat_39000 
2293    9  2034.0   666.0  320.876986   -7.644301   96    25.3 4    100.0     -98.0      75.0     -13.0      325  4.35  0.0  0   0.010   z                       BD325.dat 
2293   10  2367.0   666.0  320.895652   -7.644296   42    26.0 0     50.0      97.7    -283.7      42.0    35000  9.00  0.0  0   0.020   u     bergeron_35000_90.dat_39000 
2293   11  2700.0   666.0  320.914318   -7.644290   26    22.0 2     25.0      30.0     -30.0       0.0     9999  5.00  0.0  0   0.040   r                 RedE2astrom.dat 
2293   12  3033.0   666.0  320.932983   -7.644283   10    20.5 3     10.0     -76.0     -62.0     -23.0     2000  5.00  0.0  0   0.010   i                      BD2000.dat 
2293   13  3366.0   666.0  320.951649   -7.644275    3    24.0 3     18.5     -62.7     -22.8      54.0     1800  5.00  0.0  0   0.054   i                      BD1800.dat 
2293   14   702.0   999.0  320.802321   -7.625814   18    23.3 4      0.1       0.0       0.0      27.0     1000  5.00  0.0  0  10.000   z                      BD1000.dat 
2293   15  1035.0   999.0  320.820986   -7.625812   76    24.0 4     10.0     -14.9     299.6       0.0     2000  5.00  0.0  0   0.100   z                      BD2000.dat 
2293   16  1368.0   999.0  320.839651   -7.625809   40    24.0 0     50.0      52.1     295.4      40.0    35000  9.00  0.0  0   0.020   u     bergeron_35000_90.dat_39000 
2293   17  1701.0   999.0  320.858316   -7.625806   59    19.0 4     16.1      22.4    -105.2       0.0     1800  5.00  0.0  0   0.062   z                      BD1800.dat 
2293   18  2034.0   999.0  320.876981   -7.625801   63    24.4 4     10.0     -95.8       8.4       0.0     1000  5.00  0.0  0   0.100   z                      BD1000.dat 
2293   19  2367.0   999.0  320.895646   -7.625796   17    19.0 4    200.0      39.9     -30.1      26.0     1000  5.00  0.0  0   0.005   z                      BD1000.dat 
2293   20  2700.0   999.0  320.914311   -7.625790   43    23.3 4    100.0     150.0    -250.0       7.0      325  4.35  0.0  0   0.010   z                       BD325.dat 
2293   21  3033.0   999.0  320.932976   -7.625783    7    22.0 3     53.4    -406.0    -331.1      18.7     1500  5.00  0.0  0   0.019   i                      BD1500.dat 
2293   22  3366.0   999.0  320.951641   -7.625775   77    25.0 4     10.0    -108.5     279.7       0.0     2000  5.00  0.0  0   0.100   z                      BD2000.dat 
2293   23   369.0  1332.0  320.783655   -7.607315   20    27.0 2      2.0      20.0      10.0     -32.0     2000  5.00  0.0  0   0.500   r                      BD2000.dat 
2293   24   702.0  1332.0  320.802319   -7.607314   64    20.3 4     37.5     543.8    -440.4    -195.0     1800  5.00 -1.0  2   0.027   z                      BD1800.dat 
2293   25  1035.0  1332.0  320.820984   -7.607312   88    21.0 1     50.0    -200.0     200.0       0.0     9999  5.00  0.0  0   0.020   g                    PNastrom.dat 
2293   26  1368.0  1332.0  320.839648   -7.607309   74    22.0 4     10.0     176.7     242.4       0.0     2000  5.00  0.0  0   0.100   z                      BD2000.dat 
2293   27  1701.0  1332.0  320.858312   -7.607306   28    21.0 3     63.0    1500.0     200.0     -20.0     1500  5.00  0.0  0   0.016   i                      BD1500.dat 
2293   28  2034.0  1332.0  320.876976   -7.607301   69    22.0 0     40.0     159.4   -1993.6       0.0    35000  9.00  0.0  0   0.025   u     bergeron_35000_90.dat_39000 
2293   29  2367.0  1332.0  320.895641   -7.607296   91    22.0 2    100.0    -150.0     150.0       0.0     1500  5.00  0.0  0   0.010   r                     BD1000e.dat 
2293   30  2700.0  1332.0  320.914305   -7.607290   49    25.3 4      0.1       0.0       0.0       9.0     1000  5.00  0.0  0  10.000   z                      BD1000.dat 
2293   31  3033.0  1332.0  320.932969   -7.607283   94    23.3 4    100.0     150.0    -250.0       7.0      325  4.35  0.0  0   0.010   z                       BD325.dat 
2293   32  3366.0  1332.0  320.951633   -7.607275   60    18.6 4     63.6     296.2     -57.6       0.0     1500  5.00  0.0  0   0.016   z                      BD1500.dat 
2293   33  3699.0  1332.0  320.970297   -7.607267   32    25.0 3     10.0     100.0      77.0     -58.0     1500  5.00  0.0  0   0.100   i                      BD1500.dat 
2293   34   369.0  1665.0  320.783654   -7.588815   70    23.0 0     40.0    1763.7    -943.0       0.0    35000  9.00  0.0  0   0.025   u     bergeron_35000_90.dat_39000 
2293   35   702.0  1665.0  320.802318   -7.588814    2    25.0 1     50.0     845.2    1812.6     111.0     3800  5.00  0.0  1   0.020   g                    m0.0Full.dat 
2293   36  1035.0  1665.0  320.820981   -7.588812   23    22.0 2    100.0     150.0     150.0       0.0     1500  5.00  0.0  0   0.010   r                     BD1000e.dat 
2293   37  1368.0  1665.0  320.839645   -7.588809   81    25.0 1     50.0    1528.7    1289.7       0.0     3800  5.00  0.0  1   0.020   g                    m0.0Full.dat 
2293   38  1701.0  1665.0  320.858308   -7.588806   19    19.0 4      0.1       0.0       0.0      28.0     1000  5.00  0.0  0  10.000   z                      BD1000.dat 
2293   39  2034.0  1665.0  320.876971   -7.588801   35    23.0 3     50.0     174.3    1992.4     -55.0     1000  5.00  0.0  0   0.020   i                      BD1000.dat 
2293   40  2367.0  1665.0  320.895635   -7.588796   11    19.0 2     50.0      70.7     -70.7      50.0     3750  7.50  0.0  0   0.020   r       bergeron_3750_75.dat_3950 
2293   41  2700.0  1665.0  320.914298   -7.588790   85    23.0 3     25.1     400.0    -100.0     -55.0     1500  5.00  0.0  0   0.040   i                      BD1500.dat 
2293   42  3033.0  1665.0  320.932962   -7.588783   57    18.0 4     34.9     155.4     -16.3       0.0     1800  5.00  0.0  0   0.029   z                      BD1800.dat 
2293   43  3366.0  1665.0  320.951625   -7.588775   95    24.3 4    100.0     225.0     132.0     -45.0      325  4.35  0.0  0   0.010   z                       BD325.dat 
2293   44  3699.0  1665.0  320.970288   -7.588767   38    22.0 0     50.0      52.1    -295.4      38.0    35000  9.00  0.0  0   0.020   u     bergeron_35000_90.dat_39000 
2293   45   369.0  1998.0  320.783653   -7.570315   34    23.0 3     50.0   -1690.5   -3625.2      55.0     1000  5.00  0.0  1   0.020   i                      BD1000.dat 
2293   46   702.0  1998.0  320.802316   -7.570314   62    23.7 4     10.0     -43.1      -0.1       0.0     1000  5.00  0.0  0   0.100   z                      BD1000.dat 
2293   47  1035.0  1998.0  320.820979   -7.570312   50    21.2 3      9.0     140.0    -242.5    -123.0     1800  5.00  0.0  2   0.111   i                      BD1800.dat 
2293   48  1368.0  1998.0  320.839641   -7.570309   15    23.0 2     50.0      70.7     -70.7      50.0     3750  7.50  0.0  0   0.020   r       bergeron_3750_75.dat_3950 
2293   49  1701.0  1998.0  320.858304   -7.570306   27    20.0 3    100.0    2110.0    -545.0     -29.0     1500  5.00  0.0  0   0.010   i                      BD1500.dat 
2293   50  2034.0  1998.0  320.876967   -7.570301   33    23.0 3     50.0   -2457.5    1720.7      55.0     1000  5.00  0.0  1   0.020   i                      BD1000.dat 
2293   51  2367.0  1998.0  320.895629   -7.570296   55    18.7 4     64.1     628.3      88.3       0.0     1800  5.00  0.0  0   0.016   z                      BD1800.dat 
2293   52  2700.0  1998.0  320.914292   -7.570290   99    25.0 1     50.0    -845.2    1812.6     111.0     3800  5.00  0.0  1   0.020   g                    m0.0Full.dat 
2293   53  3033.0  1998.0  320.932954   -7.570283    4    23.0 3    106.9     270.3    -348.5       9.4     1800  5.00  0.0  0   0.009   i                      BD1000.dat 
2293   54  3366.0  1998.0  320.951617   -7.570275   71    24.0 0     40.0     959.6    1754.7       0.0    35000  9.00  0.0  0   0.025   u     bergeron_35000_90.dat_39000 
2293   55  3699.0  1998.0  320.970279   -7.570267   68    25.0 4     50.0    -175.1    -198.0       0.0      555  4.83  0.0  1   0.020   z                       BD555.dat 
2293   56   369.0  2331.0  320.783653   -7.551815    8    21.0 4     50.0    -380.1    -310.0      20.0     1000  5.00  0.0  0   0.020   z                      BD1000.dat 
2293   57   702.0  2331.0  320.802314   -7.551814   47    24.3 4      0.1       0.0       0.0      29.0     1000  5.00  0.0  0  10.000   z                      BD1000.dat 
2293   58  1035.0  2331.0  320.820976   -7.551812   30    23.0 3     25.1     400.0    -100.0     -55.0     1500  5.00  0.0  0   0.040   i                      BD1500.dat 
2293   59  1368.0  2331.0  320.839638   -7.551809   22    22.0 2    100.0    -150.0     150.0       0.0     1500  5.00  0.0  0   0.010   r                      BD1500.dat 
2293   60  1701.0  2331.0  320.858300   -7.551806   86    24.0 3     15.8    -210.0      59.0      55.0     1500  5.00  0.0  0   0.063   i                      BD1500.dat 
2293   61  2034.0  2331.0  320.876962   -7.551801   12    20.0 2     50.0     -70.7      70.7      50.0     3750  7.50  0.0  0   0.020   r       bergeron_3750_75.dat_3950 
2293   62  2367.0  2331.0  320.895623   -7.551796   97    27.0 2      2.0      20.0      10.0     -32.0     2000  5.00  0.0  0   0.500   r                      BD2000.dat 
2293   63  2700.0  2331.0  320.914285   -7.551790   39    23.0 0     50.0    -300.0      -0.0      39.0    35000  9.00  0.0  0   0.020   u     bergeron_35000_90.dat_39000 
2293   64  3033.0  2331.0  320.932947   -7.551783   58    19.3 4     72.7    -472.5    -135.5       0.0     1000  5.00  0.0  0   0.014   z                      BD1000.dat 
2293   65  3366.0  2331.0  320.951609   -7.551776   48    25.3 4     30.0     122.9     178.1       8.0     1000  5.00  0.0  0   0.033   z                      BD1000.dat 
2293   66  3699.0  2331.0  320.970270   -7.551767   45    25.3 4    100.0     -98.0      75.0     -13.0      325  4.35  0.0  0   0.010   z                       BD325.dat 
2293   67   369.0  2664.0  320.783652   -7.533315   75    23.0 4     10.0     270.7    -129.4       0.0     2000  5.00  0.0  0   0.100   z                      BD2000.dat 
2293   68   702.0  2664.0  320.802313   -7.533314   13    21.0 2     50.0     -70.7     -70.7      50.0     3750  7.50  0.0  0   0.020   r       bergeron_3750_75.dat_3950 
2293   69  1035.0  2664.0  320.820974   -7.533312   21    21.0 1     50.0     200.0    -200.0       0.0     9999  5.00  0.0  0   0.020   g                    PNastrom.dat 
2293   70  1368.0  2664.0  320.839635   -7.533309   79    23.0 4    255.3    1023.1    1560.5       0.0      325  4.35  0.0  2   0.004   z                       BD325.dat 
2293   71  1701.0  2664.0  320.858296   -7.533306    1    20.0 1     50.0    1284.9   -1120.9     245.5     3800  5.00  0.0  1   0.020   g                    m0.0Full.dat 
2293   72  2034.0  2664.0  320.876957   -7.533301   84    22.0 3     40.0   -1200.0    -125.0     -10.0     1500  5.00  0.0  0   0.025   i                      BD1500.dat 
2293   73  2367.0  2664.0  320.895618   -7.533296   44    24.3 4    100.0     225.0     132.0     -45.0      325  4.35  0.0  0   0.010   z                       BD325.dat 
2293   74  2700.0  2664.0  320.914279   -7.533290   89    21.0 1     50.0     200.0     200.0       0.0     9999  5.00  0.0  0   0.020   g                    PNastrom.dat 
2293   75  3033.0  2664.0  320.932940   -7.533283   82    20.0 3    100.0    2110.0    -545.0     -29.0     1500  5.00  0.0  0   0.010   i                      BD1500.dat 
2293   76  3366.0  2664.0  320.951601   -7.533276   66    23.0 4     50.0    -175.1     198.0       0.0      555  4.83  0.0  1   0.020   z                       BD555.dat 
2293   77  3699.0  2664.0  320.970261   -7.533267   29    22.0 3     40.0   -1200.0    -125.0     -10.0     1500  5.00  0.0  0   0.025   i                      BD1500.dat 
2293   78   702.0  2997.0  320.802311   -7.514814  101    17.5 3     50.0     186.4     378.7      20.0     2500  5.00  0.0  0   0.020   i                    m7.0Full.dat 
2293   79  1035.0  2997.0  320.820971   -7.514812   98    20.0 1     50.0    1284.9    1120.9     245.5     3800  5.00  0.0  1   0.020   g                    m0.0Full.dat 
2293   80  1368.0  2997.0  320.839631   -7.514809   54    19.4 4     30.1     273.1      38.4       0.0     1500  5.00  0.0  0   0.033   z                      BD1500.dat 
2293   81  1701.0  2997.0  320.858292   -7.514806   90    21.0 1     50.0    -200.0    -200.0       0.0     9999  5.00  0.0  0   0.020   g                    PNastrom.dat 
2293   82  2034.0  2997.0  320.876952   -7.514801   87    25.0 3     10.0     100.0      77.0     -58.0     1500  5.00  0.0  0   0.100   i                      BD1500.dat 
2293   83  2367.0  2997.0  320.895612   -7.514796   52    23.4 3     17.5      51.0    1405.0    -200.0     1000  5.00  0.0  2   0.057   i                      BD1000.dat 
2293   84  2700.0  2997.0  320.914272   -7.514790   65    24.0 1     20.0     127.0      48.0       0.0     3500  5.00  0.0  0   0.050   g                    m3.0Full.dat 
2293   85  3033.0  2997.0  320.932932   -7.514783   56    19.5 4     46.7     742.2     -25.9       0.0     1000  5.00  0.0  0   0.021   z                      BD1000.dat 
2293   86  3366.0  2997.0  320.951592   -7.514776    9    17.5 3     50.0    -186.4    -378.7      20.0     2500  5.00  0.0  0   0.020   i                    m7.0Full.dat 
2293   87   702.0  3330.0  320.802309   -7.496314   73    26.0 0     40.0   -1664.5    1108.7       0.0    35000  9.00  0.0  0   0.025   u     bergeron_35000_90.dat_39000 
2293   88  1035.0  3330.0  320.820969   -7.496312   16    23.3 4    200.0     -39.9      30.1      25.0     1000  5.00  0.0  0   0.005   z                      BD1000.dat 
2293   89  1368.0  3330.0  320.839628   -7.496309   92    23.0 2    100.0    -150.0    -150.0       0.0     1500  5.00  0.0  0   0.010   i                     BD1000e.dat 
2293   90  1701.0  3330.0  320.858288   -7.496306   46    24.3 4     50.0    -176.9     233.1      28.0     1000  5.00  0.0  0   0.020   z                      BD1000.dat 
2293   91  2034.0  3330.0  320.876947   -7.496301  100    23.0 1     50.0    1147.2   -1638.3       0.0     3800  5.00  0.0  1   0.020   g                    m0.0Full.dat 
2293   92  2367.0  3330.0  320.895606   -7.496296    5    23.0 4    255.3    6560.5   -5723.1     307.0      325  4.35  0.0  2   0.004   z                       BD325.dat 
2293   93  2700.0  3330.0  320.914266   -7.496290   80    20.0 1     50.0      35.6    1999.7       0.0     3800  5.00  0.0  1   0.020   g                    m0.0Full.dat 
2293   94  3033.0  3330.0  320.932925   -7.496283   53    23.0 1     50.0    1147.2    1638.3       0.0     3800  5.00  0.0  1   0.020   g                    m0.0Full.dat 
2293   95  3366.0  3330.0  320.951584   -7.496276   36    23.0 3     50.0     965.0    -258.8      55.0     1000  5.00  0.0  0   0.020   i                      BD1000.dat 
2293   96  1368.0  3663.0  320.839625   -7.477809   51    21.4 3     17.5    1405.0     -51.0    -200.0     1800  5.00  0.0  2   0.057   i                      BD1800.dat 
2293   97  1701.0  3663.0  320.858284   -7.477806   67    24.0 4     50.0     175.1    -198.0       0.0      555  4.83  0.0  1   0.020   z                       BD555.dat 
2293   98  2034.0  3663.0  320.876942   -7.477801   61    18.1 4     26.2    -145.8     -20.5       0.0     1000  5.00  0.0  0   0.038   z                      BD1000.dat 
2293   99  2367.0  3663.0  320.895601   -7.477796   25    22.0 2     25.0      30.0     -30.0       0.0     9999  5.00  0.0  0   0.040   r                 RedE1astrom.dat 
2293  100  2700.0  3663.0  320.914259   -7.477790   31    24.0 3     15.8    -210.0      59.0      55.0     1500  5.00  0.0  0   0.063   i                      BD1500.dat 
