2426    0  1368.0   333.0    1.636386   -4.902014
2426    1  1701.0   333.0    1.654953   -4.902012
2426    2  2034.0   333.0    1.673521   -4.902009
2426    3  2367.0   333.0    1.692089   -4.902006
2426    4  2700.0   333.0    1.710657   -4.902002
2426    5   702.0   666.0    1.599249   -4.883518
2426    6  1035.0   666.0    1.617816   -4.883516
2426    7  1368.0   666.0    1.636384   -4.883514
2426    8  1701.0   666.0    1.654951   -4.883512
2426    9  2034.0   666.0    1.673518   -4.883509
2426   10  2367.0   666.0    1.692086   -4.883506
2426   11  2700.0   666.0    1.710653   -4.883502
2426   12  3033.0   666.0    1.729220   -4.883498
2426   13  3366.0   666.0    1.747787   -4.883493
2426   14   702.0   999.0    1.599248   -4.865018
2426   15  1035.0   999.0    1.617815   -4.865016
2426   16  1368.0   999.0    1.636381   -4.865015
2426   17  1701.0   999.0    1.654948   -4.865012
2426   18  2034.0   999.0    1.673515   -4.865009
2426   19  2367.0   999.0    1.692082   -4.865006
2426   20  2700.0   999.0    1.710649   -4.865002
2426   21  3033.0   999.0    1.729215   -4.864998
2426   22  3366.0   999.0    1.747782   -4.864993
2426   23   369.0  1332.0    1.580680   -4.846519
2426   24   702.0  1332.0    1.599247   -4.846518
2426   25  1035.0  1332.0    1.617813   -4.846516
2426   26  1368.0  1332.0    1.636379   -4.846515
2426   27  1701.0  1332.0    1.654946   -4.846512
2426   28  2034.0  1332.0    1.673512   -4.846509
2426   29  2367.0  1332.0    1.692078   -4.846506
2426   30  2700.0  1332.0    1.710645   -4.846502
2426   31  3033.0  1332.0    1.729211   -4.846498
2426   32  3366.0  1332.0    1.747777   -4.846493
2426   33  3699.0  1332.0    1.766343   -4.846488
2426   34   369.0  1665.0    1.580680   -4.828019
2426   35   702.0  1665.0    1.599246   -4.828018
2426   36  1035.0  1665.0    1.617812   -4.828016
2426   37  1368.0  1665.0    1.636377   -4.828015
2426   38  1701.0  1665.0    1.654943   -4.828012
2426   39  2034.0  1665.0    1.673509   -4.828009
2426   40  2367.0  1665.0    1.692075   -4.828006
2426   41  2700.0  1665.0    1.710641   -4.828002
2426   42  3033.0  1665.0    1.729206   -4.827998
2426   43  3366.0  1665.0    1.747772   -4.827993
2426   44  3699.0  1665.0    1.766338   -4.827988
2426   45   369.0  1998.0    1.580679   -4.809519
2426   46   702.0  1998.0    1.599245   -4.809518
2426   47  1035.0  1998.0    1.617810   -4.809516
2426   48  1368.0  1998.0    1.636375   -4.809515
2426   49  1701.0  1998.0    1.654941   -4.809512
2426   50  2034.0  1998.0    1.673506   -4.809509
2426   51  2367.0  1998.0    1.692071   -4.809506
2426   52  2700.0  1998.0    1.710636   -4.809502
2426   53  3033.0  1998.0    1.729202   -4.809498
2426   54  3366.0  1998.0    1.747767   -4.809493
2426   55  3699.0  1998.0    1.766332   -4.809488
2426   56   369.0  2331.0    1.580679   -4.791019
2426   57   702.0  2331.0    1.599244   -4.791018
2426   58  1035.0  2331.0    1.617808   -4.791016
2426   59  1368.0  2331.0    1.636373   -4.791015
2426   60  1701.0  2331.0    1.654938   -4.791012
2426   61  2034.0  2331.0    1.673503   -4.791010
2426   62  2367.0  2331.0    1.692068   -4.791006
2426   63  2700.0  2331.0    1.710632   -4.791002
2426   64  3033.0  2331.0    1.729197   -4.790998
2426   65  3366.0  2331.0    1.747762   -4.790993
2426   66  3699.0  2331.0    1.766326   -4.790988
2426   67   369.0  2664.0    1.580678   -4.772519
2426   68   702.0  2664.0    1.599242   -4.772518
2426   69  1035.0  2664.0    1.617807   -4.772516
2426   70  1368.0  2664.0    1.636371   -4.772515
2426   71  1701.0  2664.0    1.654935   -4.772512
2426   72  2034.0  2664.0    1.673500   -4.772510
2426   73  2367.0  2664.0    1.692064   -4.772506
2426   74  2700.0  2664.0    1.710628   -4.772502
2426   75  3033.0  2664.0    1.729192   -4.772498
2426   76  3366.0  2664.0    1.747757   -4.772493
2426   77  3699.0  2664.0    1.766321   -4.772488
2426   78   702.0  2997.0    1.599241   -4.754018
2426   79  1035.0  2997.0    1.617805   -4.754016
2426   80  1368.0  2997.0    1.636369   -4.754015
2426   81  1701.0  2997.0    1.654933   -4.754012
2426   82  2034.0  2997.0    1.673497   -4.754010
2426   83  2367.0  2997.0    1.692060   -4.754006
2426   84  2700.0  2997.0    1.710624   -4.754003
2426   85  3033.0  2997.0    1.729188   -4.753998
2426   86  3366.0  2997.0    1.747752   -4.753993
2426   87   702.0  3330.0    1.599240   -4.735518
2426   88  1035.0  3330.0    1.617804   -4.735516
2426   89  1368.0  3330.0    1.636367   -4.735515
2426   90  1701.0  3330.0    1.654930   -4.735512
2426   91  2034.0  3330.0    1.673494   -4.735510
2426   92  2367.0  3330.0    1.692057   -4.735506
2426   93  2700.0  3330.0    1.710620   -4.735503
2426   94  3033.0  3330.0    1.729183   -4.735498
2426   95  3366.0  3330.0    1.747746   -4.735494
2426   96  1368.0  3663.0    1.636365   -4.717015
2426   97  1701.0  3663.0    1.654928   -4.717012
2426   98  2034.0  3663.0    1.673491   -4.717010
2426   99  2367.0  3663.0    1.692053   -4.717006
2426  100  2700.0  3663.0    1.710616   -4.717003
2886    0  1368.0   333.0    1.682921    4.997714
2886    1  1701.0   333.0    1.701491    4.997711
2886    2  2034.0   333.0    1.720062    4.997708
2886    3  2367.0   333.0    1.738632    4.997705
2886    4  2700.0   333.0    1.757203    4.997701
2886    5   702.0   666.0    1.645781    5.016217
2886    6  1035.0   666.0    1.664352    5.016215
2886    7  1368.0   666.0    1.682923    5.016213
2886    8  1701.0   666.0    1.701494    5.016211
2886    9  2034.0   666.0    1.720065    5.016208
2886   10  2367.0   666.0    1.738636    5.016205
2886   11  2700.0   666.0    1.757207    5.016201
2886   12  3033.0   666.0    1.775778    5.016196
2886   13  3366.0   666.0    1.794349    5.016191
2886   14   702.0   999.0    1.645782    5.034717
2886   15  1035.0   999.0    1.664354    5.034715
2886   16  1368.0   999.0    1.682925    5.034713
2886   17  1701.0   999.0    1.701497    5.034711
2886   18  2034.0   999.0    1.720068    5.034708
2886   19  2367.0   999.0    1.738640    5.034705
2886   20  2700.0   999.0    1.757212    5.034701
2886   21  3033.0   999.0    1.775783    5.034696
2886   22  3366.0   999.0    1.794354    5.034691
2886   23   369.0  1332.0    1.627211    5.053218
2886   24   702.0  1332.0    1.645783    5.053217
2886   25  1035.0  1332.0    1.664355    5.053215
2886   26  1368.0  1332.0    1.682927    5.053213
2886   27  1701.0  1332.0    1.701500    5.053211
2886   28  2034.0  1332.0    1.720072    5.053208
2886   29  2367.0  1332.0    1.738644    5.053204
2886   30  2700.0  1332.0    1.757216    5.053200
2886   31  3033.0  1332.0    1.775788    5.053196
2886   32  3366.0  1332.0    1.794360    5.053191
2886   33  3699.0  1332.0    1.812932    5.053185
2886   34   369.0  1665.0    1.627212    5.071718
2886   35   702.0  1665.0    1.645784    5.071717
2886   36  1035.0  1665.0    1.664357    5.071715
2886   37  1368.0  1665.0    1.682930    5.071713
2886   38  1701.0  1665.0    1.701502    5.071711
2886   39  2034.0  1665.0    1.720075    5.071708
2886   40  2367.0  1665.0    1.738648    5.071704
2886   41  2700.0  1665.0    1.757220    5.071700
2886   42  3033.0  1665.0    1.775793    5.071696
2886   43  3366.0  1665.0    1.794365    5.071691
2886   44  3699.0  1665.0    1.812938    5.071685
2886   45   369.0  1998.0    1.627212    5.090218
2886   46   702.0  1998.0    1.645785    5.090217
2886   47  1035.0  1998.0    1.664359    5.090215
2886   48  1368.0  1998.0    1.682932    5.090213
2886   49  1701.0  1998.0    1.701505    5.090211
2886   50  2034.0  1998.0    1.720078    5.090208
2886   51  2367.0  1998.0    1.738651    5.090204
2886   52  2700.0  1998.0    1.757225    5.090200
2886   53  3033.0  1998.0    1.775798    5.090196
2886   54  3366.0  1998.0    1.794371    5.090191
2886   55  3699.0  1998.0    1.812944    5.090185
2886   56   369.0  2331.0    1.627213    5.108717
2886   57   702.0  2331.0    1.645786    5.108717
2886   58  1035.0  2331.0    1.664360    5.108715
2886   59  1368.0  2331.0    1.682934    5.108713
2886   60  1701.0  2331.0    1.701508    5.108711
2886   61  2034.0  2331.0    1.720081    5.108708
2886   62  2367.0  2331.0    1.738655    5.108704
2886   63  2700.0  2331.0    1.757229    5.108700
2886   64  3033.0  2331.0    1.775802    5.108696
2886   65  3366.0  2331.0    1.794376    5.108691
2886   66  3699.0  2331.0    1.812950    5.108685
2886   67   369.0  2664.0    1.627213    5.127217
2886   68   702.0  2664.0    1.645788    5.127217
2886   69  1035.0  2664.0    1.664362    5.127215
2886   70  1368.0  2664.0    1.682936    5.127213
2886   71  1701.0  2664.0    1.701510    5.127211
2886   72  2034.0  2664.0    1.720085    5.127208
2886   73  2367.0  2664.0    1.738659    5.127204
2886   74  2700.0  2664.0    1.757233    5.127200
2886   75  3033.0  2664.0    1.775807    5.127196
2886   76  3366.0  2664.0    1.794381    5.127190
2886   77  3699.0  2664.0    1.812956    5.127185
2886   78   702.0  2997.0    1.645789    5.145717
2886   79  1035.0  2997.0    1.664364    5.145715
2886   80  1368.0  2997.0    1.682938    5.145713
2886   81  1701.0  2997.0    1.701513    5.145711
2886   82  2034.0  2997.0    1.720088    5.145708
2886   83  2367.0  2997.0    1.738663    5.145704
2886   84  2700.0  2997.0    1.757238    5.145700
2886   85  3033.0  2997.0    1.775812    5.145695
2886   86  3366.0  2997.0    1.794387    5.145690
2886   87   702.0  3330.0    1.645790    5.164217
2886   88  1035.0  3330.0    1.664365    5.164215
2886   89  1368.0  3330.0    1.682941    5.164213
2886   90  1701.0  3330.0    1.701516    5.164211
2886   91  2034.0  3330.0    1.720091    5.164208
2886   92  2367.0  3330.0    1.738667    5.164204
2886   93  2700.0  3330.0    1.757242    5.164200
2886   94  3033.0  3330.0    1.775817    5.164195
2886   95  3366.0  3330.0    1.794392    5.164190
2886   96  1368.0  3663.0    1.682943    5.182713
2886   97  1701.0  3663.0    1.701519    5.182711
2886   98  2034.0  3663.0    1.720095    5.182708
2886   99  2367.0  3663.0    1.738670    5.182704
2886  100  2700.0  3663.0    1.757246    5.182700
2293    0  1368.0   333.0  320.839658   -7.662809
2293    1  1701.0   333.0  320.858324   -7.662805
2293    2  2034.0   333.0  320.876991   -7.662801
2293    3  2367.0   333.0  320.895658   -7.662796
2293    4  2700.0   333.0  320.914324   -7.662789
2293    5   702.0   666.0  320.802323   -7.644314
2293    6  1035.0   666.0  320.820989   -7.644312
2293    7  1368.0   666.0  320.839655   -7.644309
2293    8  1701.0   666.0  320.858320   -7.644305
2293    9  2034.0   666.0  320.876986   -7.644301
2293   10  2367.0   666.0  320.895652   -7.644296
2293   11  2700.0   666.0  320.914318   -7.644290
2293   12  3033.0   666.0  320.932983   -7.644283
2293   13  3366.0   666.0  320.951649   -7.644275
2293   14   702.0   999.0  320.802321   -7.625814
2293   15  1035.0   999.0  320.820986   -7.625812
2293   16  1368.0   999.0  320.839651   -7.625809
2293   17  1701.0   999.0  320.858316   -7.625806
2293   18  2034.0   999.0  320.876981   -7.625801
2293   19  2367.0   999.0  320.895646   -7.625796
2293   20  2700.0   999.0  320.914311   -7.625790
2293   21  3033.0   999.0  320.932976   -7.625783
2293   22  3366.0   999.0  320.951641   -7.625775
2293   23   369.0  1332.0  320.783655   -7.607315
2293   24   702.0  1332.0  320.802319   -7.607314
2293   25  1035.0  1332.0  320.820984   -7.607312
2293   26  1368.0  1332.0  320.839648   -7.607309
2293   27  1701.0  1332.0  320.858312   -7.607306
2293   28  2034.0  1332.0  320.876976   -7.607301
2293   29  2367.0  1332.0  320.895641   -7.607296
2293   30  2700.0  1332.0  320.914305   -7.607290
2293   31  3033.0  1332.0  320.932969   -7.607283
2293   32  3366.0  1332.0  320.951633   -7.607275
2293   33  3699.0  1332.0  320.970297   -7.607267
2293   34   369.0  1665.0  320.783654   -7.588815
2293   35   702.0  1665.0  320.802318   -7.588814
2293   36  1035.0  1665.0  320.820981   -7.588812
2293   37  1368.0  1665.0  320.839645   -7.588809
2293   38  1701.0  1665.0  320.858308   -7.588806
2293   39  2034.0  1665.0  320.876971   -7.588801
2293   40  2367.0  1665.0  320.895635   -7.588796
2293   41  2700.0  1665.0  320.914298   -7.588790
2293   42  3033.0  1665.0  320.932962   -7.588783
2293   43  3366.0  1665.0  320.951625   -7.588775
2293   44  3699.0  1665.0  320.970288   -7.588767
2293   45   369.0  1998.0  320.783653   -7.570315
2293   46   702.0  1998.0  320.802316   -7.570314
2293   47  1035.0  1998.0  320.820979   -7.570312
2293   48  1368.0  1998.0  320.839641   -7.570309
2293   49  1701.0  1998.0  320.858304   -7.570306
2293   50  2034.0  1998.0  320.876967   -7.570301
2293   51  2367.0  1998.0  320.895629   -7.570296
2293   52  2700.0  1998.0  320.914292   -7.570290
2293   53  3033.0  1998.0  320.932954   -7.570283
2293   54  3366.0  1998.0  320.951617   -7.570275
2293   55  3699.0  1998.0  320.970279   -7.570267
2293   56   369.0  2331.0  320.783653   -7.551815
2293   57   702.0  2331.0  320.802314   -7.551814
2293   58  1035.0  2331.0  320.820976   -7.551812
2293   59  1368.0  2331.0  320.839638   -7.551809
2293   60  1701.0  2331.0  320.858300   -7.551806
2293   61  2034.0  2331.0  320.876962   -7.551801
2293   62  2367.0  2331.0  320.895623   -7.551796
2293   63  2700.0  2331.0  320.914285   -7.551790
2293   64  3033.0  2331.0  320.932947   -7.551783
2293   65  3366.0  2331.0  320.951609   -7.551776
2293   66  3699.0  2331.0  320.970270   -7.551767
2293   67   369.0  2664.0  320.783652   -7.533315
2293   68   702.0  2664.0  320.802313   -7.533314
2293   69  1035.0  2664.0  320.820974   -7.533312
2293   70  1368.0  2664.0  320.839635   -7.533309
2293   71  1701.0  2664.0  320.858296   -7.533306
2293   72  2034.0  2664.0  320.876957   -7.533301
2293   73  2367.0  2664.0  320.895618   -7.533296
2293   74  2700.0  2664.0  320.914279   -7.533290
2293   75  3033.0  2664.0  320.932940   -7.533283
2293   76  3366.0  2664.0  320.951601   -7.533276
2293   77  3699.0  2664.0  320.970261   -7.533267
2293   78   702.0  2997.0  320.802311   -7.514814
2293   79  1035.0  2997.0  320.820971   -7.514812
2293   80  1368.0  2997.0  320.839631   -7.514809
2293   81  1701.0  2997.0  320.858292   -7.514806
2293   82  2034.0  2997.0  320.876952   -7.514801
2293   83  2367.0  2997.0  320.895612   -7.514796
2293   84  2700.0  2997.0  320.914272   -7.514790
2293   85  3033.0  2997.0  320.932932   -7.514783
2293   86  3366.0  2997.0  320.951592   -7.514776
2293   87   702.0  3330.0  320.802309   -7.496314
2293   88  1035.0  3330.0  320.820969   -7.496312
2293   89  1368.0  3330.0  320.839628   -7.496309
2293   90  1701.0  3330.0  320.858288   -7.496306
2293   91  2034.0  3330.0  320.876947   -7.496301
2293   92  2367.0  3330.0  320.895606   -7.496296
2293   93  2700.0  3330.0  320.914266   -7.496290
2293   94  3033.0  3330.0  320.932925   -7.496283
2293   95  3366.0  3330.0  320.951584   -7.496276
2293   96  1368.0  3663.0  320.839625   -7.477809
2293   97  1701.0  3663.0  320.858284   -7.477806
2293   98  2034.0  3663.0  320.876942   -7.477801
2293   99  2367.0  3663.0  320.895601   -7.477796
2293  100  2700.0  3663.0  320.914259   -7.477790
2906    0  1368.0   333.0   80.070978    5.327336
2906    1  1701.0   333.0   80.089558    5.327333
2906    2  2034.0   333.0   80.108138    5.327330
2906    3  2367.0   333.0   80.126719    5.327326
2906    4  2700.0   333.0   80.145299    5.327322
2906    5   702.0   666.0   80.033819    5.345839
2906    6  1035.0   666.0   80.052400    5.345838
2906    7  1368.0   666.0   80.070980    5.345836
2906    8  1701.0   666.0   80.089561    5.345833
2906    9  2034.0   666.0   80.108142    5.345830
2906   10  2367.0   666.0   80.126723    5.345826
2906   11  2700.0   666.0   80.145303    5.345822
2906   12  3033.0   666.0   80.163884    5.345817
2906   13  3366.0   666.0   80.182465    5.345812
2906   14   702.0   999.0   80.033820    5.364339
2906   15  1035.0   999.0   80.052401    5.364338
2906   16  1368.0   999.0   80.070983    5.364336
2906   17  1701.0   999.0   80.089564    5.364333
2906   18  2034.0   999.0   80.108145    5.364330
2906   19  2367.0   999.0   80.126727    5.364326
2906   20  2700.0   999.0   80.145308    5.364322
2906   21  3033.0   999.0   80.163889    5.364317
2906   22  3366.0   999.0   80.182470    5.364312
2906   23   369.0  1332.0   80.015239    5.382840
2906   24   702.0  1332.0   80.033821    5.382839
2906   25  1035.0  1332.0   80.052403    5.382838
2906   26  1368.0  1332.0   80.070985    5.382836
2906   27  1701.0  1332.0   80.089567    5.382833
2906   28  2034.0  1332.0   80.108149    5.382830
2906   29  2367.0  1332.0   80.126731    5.382826
2906   30  2700.0  1332.0   80.145313    5.382822
2906   31  3033.0  1332.0   80.163894    5.382817
2906   32  3366.0  1332.0   80.182476    5.382812
2906   33  3699.0  1332.0   80.201058    5.382806
2906   34   369.0  1665.0   80.015240    5.401340
2906   35   702.0  1665.0   80.033822    5.401339
2906   36  1035.0  1665.0   80.052405    5.401338
2906   37  1368.0  1665.0   80.070987    5.401336
2906   38  1701.0  1665.0   80.089570    5.401333
2906   39  2034.0  1665.0   80.108152    5.401330
2906   40  2367.0  1665.0   80.126735    5.401326
2906   41  2700.0  1665.0   80.145317    5.401322
2906   42  3033.0  1665.0   80.163899    5.401317
2906   43  3366.0  1665.0   80.182482    5.401312
2906   44  3699.0  1665.0   80.201064    5.401306
2906   45   369.0  1998.0   80.015241    5.419840
2906   46   702.0  1998.0   80.033824    5.419839
2906   47  1035.0  1998.0   80.052407    5.419838
2906   48  1368.0  1998.0   80.070990    5.419836
2906   49  1701.0  1998.0   80.089573    5.419833
2906   50  2034.0  1998.0   80.108156    5.419830
2906   51  2367.0  1998.0   80.126739    5.419826
2906   52  2700.0  1998.0   80.145322    5.419822
2906   53  3033.0  1998.0   80.163905    5.419817
2906   54  3366.0  1998.0   80.182488    5.419811
2906   55  3699.0  1998.0   80.201070    5.419805
2906   56   369.0  2331.0   80.015241    5.438340
2906   57   702.0  2331.0   80.033825    5.438339
2906   58  1035.0  2331.0   80.052408    5.438338
2906   59  1368.0  2331.0   80.070992    5.438336
2906   60  1701.0  2331.0   80.089576    5.438333
2906   61  2034.0  2331.0   80.108159    5.438330
2906   62  2367.0  2331.0   80.126743    5.438326
2906   63  2700.0  2331.0   80.145326    5.438322
2906   64  3033.0  2331.0   80.163910    5.438317
2906   65  3366.0  2331.0   80.182493    5.438311
2906   66  3699.0  2331.0   80.201077    5.438305
2906   67   369.0  2664.0   80.015242    5.456840
2906   68   702.0  2664.0   80.033826    5.456839
2906   69  1035.0  2664.0   80.052410    5.456838
2906   70  1368.0  2664.0   80.070994    5.456836
2906   71  1701.0  2664.0   80.089579    5.456833
2906   72  2034.0  2664.0   80.108163    5.456830
2906   73  2367.0  2664.0   80.126747    5.456826
2906   74  2700.0  2664.0   80.145331    5.456822
2906   75  3033.0  2664.0   80.163915    5.456817
2906   76  3366.0  2664.0   80.182499    5.456811
2906   77  3699.0  2664.0   80.201083    5.456805
2906   78   702.0  2997.0   80.033827    5.475339
2906   79  1035.0  2997.0   80.052412    5.475338
2906   80  1368.0  2997.0   80.070997    5.475336
2906   81  1701.0  2997.0   80.089581    5.475333
2906   82  2034.0  2997.0   80.108166    5.475330
2906   83  2367.0  2997.0   80.126751    5.475326
2906   84  2700.0  2997.0   80.145336    5.475322
2906   85  3033.0  2997.0   80.163920    5.475317
2906   86  3366.0  2997.0   80.182505    5.475311
2906   87   702.0  3330.0   80.033828    5.493839
2906   88  1035.0  3330.0   80.052414    5.493838
2906   89  1368.0  3330.0   80.070999    5.493836
2906   90  1701.0  3330.0   80.089584    5.493833
2906   91  2034.0  3330.0   80.108170    5.493830
2906   92  2367.0  3330.0   80.126755    5.493826
2906   93  2700.0  3330.0   80.145340    5.493822
2906   94  3033.0  3330.0   80.163925    5.493817
2906   95  3366.0  3330.0   80.182511    5.493811
2906   96  1368.0  3663.0   80.071001    5.512336
2906   97  1701.0  3663.0   80.089587    5.512333
2906   98  2034.0  3663.0   80.108173    5.512330
2906   99  2367.0  3663.0   80.126759    5.512326
2906  100  2700.0  3663.0   80.145345    5.512321
2395    0  1368.0   333.0  316.081485   -5.512500
2395    1  1701.0   333.0  316.100070   -5.512498
2395    2  2034.0   333.0  316.118656   -5.512495
2395    3  2367.0   333.0  316.137242   -5.512491
2395    4  2700.0   333.0  316.155828   -5.512486
2395    5   702.0   666.0  316.044312   -5.494004
2395    6  1035.0   666.0  316.062897   -5.494003
2395    7  1368.0   666.0  316.081482   -5.494000
2395    8  1701.0   666.0  316.100068   -5.493998
2395    9  2034.0   666.0  316.118653   -5.493995
2395   10  2367.0   666.0  316.137238   -5.493991
2395   11  2700.0   666.0  316.155823   -5.493986
2395   12  3033.0   666.0  316.174409   -5.493982
2395   13  3366.0   666.0  316.192994   -5.493976
2395   14   702.0   999.0  316.044310   -5.475504
2395   15  1035.0   999.0  316.062895   -5.475503
2395   16  1368.0   999.0  316.081480   -5.475501
2395   17  1701.0   999.0  316.100065   -5.475498
2395   18  2034.0   999.0  316.118649   -5.475495
2395   19  2367.0   999.0  316.137234   -5.475491
2395   20  2700.0   999.0  316.155819   -5.475487
2395   21  3033.0   999.0  316.174403   -5.475482
2395   22  3366.0   999.0  316.192988   -5.475476
2395   23   369.0  1332.0  316.025725   -5.457005
2395   24   702.0  1332.0  316.044309   -5.457004
2395   25  1035.0  1332.0  316.062893   -5.457003
2395   26  1368.0  1332.0  316.081478   -5.457001
2395   27  1701.0  1332.0  316.100062   -5.456998
2395   28  2034.0  1332.0  316.118646   -5.456995
2395   29  2367.0  1332.0  316.137230   -5.456991
2395   30  2700.0  1332.0  316.155814   -5.456987
2395   31  3033.0  1332.0  316.174398   -5.456982
2395   32  3366.0  1332.0  316.192982   -5.456976
2395   33  3699.0  1332.0  316.211566   -5.456970
2395   34   369.0  1665.0  316.025724   -5.438505
2395   35   702.0  1665.0  316.044308   -5.438504
2395   36  1035.0  1665.0  316.062892   -5.438503
2395   37  1368.0  1665.0  316.081475   -5.438501
2395   38  1701.0  1665.0  316.100059   -5.438498
2395   39  2034.0  1665.0  316.118642   -5.438495
2395   40  2367.0  1665.0  316.137226   -5.438491
2395   41  2700.0  1665.0  316.155810   -5.438487
2395   42  3033.0  1665.0  316.174393   -5.438482
2395   43  3366.0  1665.0  316.192977   -5.438476
2395   44  3699.0  1665.0  316.211560   -5.438470
2395   45   369.0  1998.0  316.025724   -5.420005
2395   46   702.0  1998.0  316.044307   -5.420004
2395   47  1035.0  1998.0  316.062890   -5.420003
2395   48  1368.0  1998.0  316.081473   -5.420001
2395   49  1701.0  1998.0  316.100056   -5.419998
2395   50  2034.0  1998.0  316.118639   -5.419995
2395   51  2367.0  1998.0  316.137222   -5.419991
2395   52  2700.0  1998.0  316.155805   -5.419987
2395   53  3033.0  1998.0  316.174388   -5.419982
2395   54  3366.0  1998.0  316.192971   -5.419976
2395   55  3699.0  1998.0  316.211554   -5.419970
2395   56   369.0  2331.0  316.025723   -5.401505
2395   57   702.0  2331.0  316.044306   -5.401504
2395   58  1035.0  2331.0  316.062888   -5.401503
2395   59  1368.0  2331.0  316.081471   -5.401501
2395   60  1701.0  2331.0  316.100053   -5.401498
2395   61  2034.0  2331.0  316.118635   -5.401495
2395   62  2367.0  2331.0  316.137218   -5.401491
2395   63  2700.0  2331.0  316.155800   -5.401487
2395   64  3033.0  2331.0  316.174383   -5.401482
2395   65  3366.0  2331.0  316.192965   -5.401477
2395   66  3699.0  2331.0  316.211547   -5.401471
2395   67   369.0  2664.0  316.025722   -5.383005
2395   68   702.0  2664.0  316.044304   -5.383004
2395   69  1035.0  2664.0  316.062886   -5.383003
2395   70  1368.0  2664.0  316.081468   -5.383001
2395   71  1701.0  2664.0  316.100050   -5.382998
2395   72  2034.0  2664.0  316.118632   -5.382995
2395   73  2367.0  2664.0  316.137214   -5.382991
2395   74  2700.0  2664.0  316.155796   -5.382987
2395   75  3033.0  2664.0  316.174377   -5.382982
2395   76  3366.0  2664.0  316.192959   -5.382977
2395   77  3699.0  2664.0  316.211541   -5.382971
2395   78   702.0  2997.0  316.044303   -5.364504
2395   79  1035.0  2997.0  316.062885   -5.364503
2395   80  1368.0  2997.0  316.081466   -5.364501
2395   81  1701.0  2997.0  316.100047   -5.364498
2395   82  2034.0  2997.0  316.118629   -5.364495
2395   83  2367.0  2997.0  316.137210   -5.364491
2395   84  2700.0  2997.0  316.155791   -5.364487
2395   85  3033.0  2997.0  316.174372   -5.364482
2395   86  3366.0  2997.0  316.192954   -5.364477
2395   87   702.0  3330.0  316.044302   -5.346004
2395   88  1035.0  3330.0  316.062883   -5.346003
2395   89  1368.0  3330.0  316.081464   -5.346001
2395   90  1701.0  3330.0  316.100044   -5.345998
2395   91  2034.0  3330.0  316.118625   -5.345995
2395   92  2367.0  3330.0  316.137206   -5.345991
2395   93  2700.0  3330.0  316.155786   -5.345987
2395   94  3033.0  3330.0  316.174367   -5.345982
2395   95  3366.0  3330.0  316.192948   -5.345977
2395   96  1368.0  3663.0  316.081461   -5.327501
2395   97  1701.0  3663.0  316.100041   -5.327498
2395   98  2034.0  3663.0  316.118622   -5.327495
2395   99  2367.0  3663.0  316.137202   -5.327491
2395  100  2700.0  3663.0  316.155782   -5.327487
2804    0  1368.0   333.0   84.730062    3.224926
2804    1  1701.0   333.0   84.748591    3.224925
2804    2  2034.0   333.0   84.767120    3.224923
2804    3  2367.0   333.0   84.785649    3.224921
2804    4  2700.0   333.0   84.804179    3.224918
2804    5   702.0   666.0   84.693004    3.243428
2804    6  1035.0   666.0   84.711533    3.243428
2804    7  1368.0   666.0   84.730063    3.243426
2804    8  1701.0   666.0   84.748593    3.243425
2804    9  2034.0   666.0   84.767122    3.243423
2804   10  2367.0   666.0   84.785652    3.243421
2804   11  2700.0   666.0   84.804181    3.243418
2804   12  3033.0   666.0   84.822711    3.243415
2804   13  3366.0   666.0   84.841240    3.243412
2804   14   702.0   999.0   84.693005    3.261928
2804   15  1035.0   999.0   84.711535    3.261927
2804   16  1368.0   999.0   84.730065    3.261926
2804   17  1701.0   999.0   84.748594    3.261925
2804   18  2034.0   999.0   84.767124    3.261923
2804   19  2367.0   999.0   84.785654    3.261921
2804   20  2700.0   999.0   84.804184    3.261918
2804   21  3033.0   999.0   84.822714    3.261915
2804   22  3366.0   999.0   84.841244    3.261912
2804   23   369.0  1332.0   84.674475    3.280429
2804   24   702.0  1332.0   84.693005    3.280428
2804   25  1035.0  1332.0   84.711536    3.280427
2804   26  1368.0  1332.0   84.730066    3.280426
2804   27  1701.0  1332.0   84.748596    3.280425
2804   28  2034.0  1332.0   84.767127    3.280423
2804   29  2367.0  1332.0   84.785657    3.280420
2804   30  2700.0  1332.0   84.804187    3.280418
2804   31  3033.0  1332.0   84.822717    3.280415
2804   32  3366.0  1332.0   84.841247    3.280412
2804   33  3699.0  1332.0   84.859778    3.280408
2804   34   369.0  1665.0   84.674475    3.298929
2804   35   702.0  1665.0   84.693006    3.298928
2804   36  1035.0  1665.0   84.711537    3.298927
2804   37  1368.0  1665.0   84.730067    3.298926
2804   38  1701.0  1665.0   84.748598    3.298925
2804   39  2034.0  1665.0   84.767129    3.298923
2804   40  2367.0  1665.0   84.785659    3.298920
2804   41  2700.0  1665.0   84.804190    3.298918
2804   42  3033.0  1665.0   84.822720    3.298915
2804   43  3366.0  1665.0   84.841251    3.298912
2804   44  3699.0  1665.0   84.859781    3.298908
2804   45   369.0  1998.0   84.674476    3.317429
2804   46   702.0  1998.0   84.693007    3.317428
2804   47  1035.0  1998.0   84.711538    3.317427
2804   48  1368.0  1998.0   84.730069    3.317426
2804   49  1701.0  1998.0   84.748600    3.317425
2804   50  2034.0  1998.0   84.767131    3.317423
2804   51  2367.0  1998.0   84.785662    3.317420
2804   52  2700.0  1998.0   84.804193    3.317418
2804   53  3033.0  1998.0   84.822724    3.317415
2804   54  3366.0  1998.0   84.841254    3.317411
2804   55  3699.0  1998.0   84.859785    3.317408
2804   56   369.0  2331.0   84.674476    3.335929
2804   57   702.0  2331.0   84.693007    3.335928
2804   58  1035.0  2331.0   84.711539    3.335927
2804   59  1368.0  2331.0   84.730070    3.335926
2804   60  1701.0  2331.0   84.748602    3.335925
2804   61  2034.0  2331.0   84.767133    3.335923
2804   62  2367.0  2331.0   84.785664    3.335920
2804   63  2700.0  2331.0   84.804196    3.335918
2804   64  3033.0  2331.0   84.822727    3.335915
2804   65  3366.0  2331.0   84.841258    3.335911
2804   66  3699.0  2331.0   84.859789    3.335908
2804   67   369.0  2664.0   84.674476    3.354429
2804   68   702.0  2664.0   84.693008    3.354428
2804   69  1035.0  2664.0   84.711540    3.354427
2804   70  1368.0  2664.0   84.730072    3.354426
2804   71  1701.0  2664.0   84.748603    3.354425
2804   72  2034.0  2664.0   84.767135    3.354423
2804   73  2367.0  2664.0   84.785667    3.354420
2804   74  2700.0  2664.0   84.804198    3.354418
2804   75  3033.0  2664.0   84.822730    3.354415
2804   76  3366.0  2664.0   84.841262    3.354411
2804   77  3699.0  2664.0   84.859793    3.354408
2804   78   702.0  2997.0   84.693009    3.372928
2804   79  1035.0  2997.0   84.711541    3.372927
2804   80  1368.0  2997.0   84.730073    3.372926
2804   81  1701.0  2997.0   84.748605    3.372925
2804   82  2034.0  2997.0   84.767137    3.372923
2804   83  2367.0  2997.0   84.785669    3.372920
2804   84  2700.0  2997.0   84.804201    3.372918
2804   85  3033.0  2997.0   84.822733    3.372914
2804   86  3366.0  2997.0   84.841265    3.372911
2804   87   702.0  3330.0   84.693010    3.391428
2804   88  1035.0  3330.0   84.711542    3.391427
2804   89  1368.0  3330.0   84.730074    3.391426
2804   90  1701.0  3330.0   84.748607    3.391424
2804   91  2034.0  3330.0   84.767139    3.391422
2804   92  2367.0  3330.0   84.785672    3.391420
2804   93  2700.0  3330.0   84.804204    3.391417
2804   94  3033.0  3330.0   84.822736    3.391414
2804   95  3366.0  3330.0   84.841269    3.391411
2804   96  1368.0  3663.0   84.730076    3.409926
2804   97  1701.0  3663.0   84.748609    3.409924
2804   98  2034.0  3663.0   84.767141    3.409922
2804   99  2367.0  3663.0   84.785674    3.409920
2804  100  2700.0  3663.0   84.804207    3.409917
